16 3
0 0 1 0 0 0 0 3 0 11 9 0 14 0 16 0 
0 0 0 0 0 8 4 0 0 1 15 16 0 5 0 0 
8 16 0 0 1 0 15 0 3 0 6 0 0 0 12 0 
0 0 0 0 16 0 0 0 0 0 10 0 13 3 15 0 
0 8 0 0 0 0 14 2 10 0 0 15 0 0 5 0 
0 0 0 0 0 15 0 5 0 0 16 13 0 0 0 11 
15 0 0 0 0 0 0 0 11 0 0 0 0 16 0 0 
0 0 0 0 0 0 12 0 9 0 0 0 0 15 0 0 
0 12 0 0 3 9 2 0 15 0 0 0 5 0 0 7 
0 0 0 0 5 0 0 0 0 0 0 0 16 0 0 0 
0 0 0 5 0 0 0 0 0 6 0 0 0 0 0 10 
0 0 0 0 10 0 0 14 5 16 0 0 0 0 0 0 
0 0 11 0 0 3 5 0 0 0 0 10 0 0 0 0 
0 10 2 9 0 11 0 6 16 0 14 0 0 12 0 0 
14 0 0 3 0 0 0 0 0 0 11 0 0 10 6 0 
0 15 0 0 0 0 0 10 0 0 2 0 0 0 0 0 
