16 0
0 8 1 4 15 14 0 12 7 9 0 16 10 2 0 0 
3 2 0 12 0 13 0 10 1 8 6 14 16 4 0 9 
9 0 7 6 1 2 4 8 0 15 12 0 14 11 5 13 
14 13 15 10 16 6 3 9 11 2 5 4 1 12 8 7 
4 0 0 0 0 16 13 5 0 0 15 0 0 1 10 3 
13 6 14 1 9 0 10 2 16 3 7 0 15 0 4 0 
10 15 16 3 8 7 1 11 2 0 9 12 6 13 14 0 
0 0 8 5 3 15 6 4 0 10 14 1 9 0 7 2 
15 12 6 8 4 5 0 13 9 1 10 0 2 7 16 0 
7 3 10 13 6 1 16 15 14 12 4 2 5 9 0 8 
2 5 0 16 10 3 0 14 0 13 8 7 4 0 12 1 
1 0 4 14 0 8 12 7 5 16 11 15 3 6 0 10 
8 0 3 9 0 4 0 1 0 14 0 13 11 5 6 0 
0 4 2 7 12 9 8 3 0 5 16 11 13 14 1 15 
5 14 12 11 13 10 2 16 15 6 1 8 7 3 9 4 
16 0 13 15 5 11 14 6 4 0 3 9 8 10 2 12 
