16 0
0 2 3 4 5 6 0 8 9 10 0 12 13 14 15 0 
5 6 7 8 1 2 3 4 13 14 15 16 9 0 11 12 
9 10 11 12 13 0 15 16 1 2 3 4 5 6 7 8 
13 14 15 16 0 10 11 0 5 6 7 0 1 2 3 4 
2 1 4 0 6 5 8 7 0 9 12 0 14 13 16 15 
6 5 8 7 2 0 4 0 14 13 16 15 10 9 12 11 
10 9 12 11 14 13 16 0 0 1 4 3 0 0 8 7 
14 13 0 15 10 9 12 11 6 5 8 7 2 1 4 0 
3 4 1 2 7 8 5 6 11 12 9 10 0 16 13 14 
7 8 5 6 3 0 1 2 15 16 13 14 11 12 9 10 
11 0 9 10 15 16 13 0 3 4 1 0 7 8 5 6 
0 16 13 14 11 12 9 10 7 8 5 6 0 4 1 2 
4 3 0 1 8 7 6 0 12 11 10 9 16 0 0 13 
8 7 6 5 4 3 2 1 16 15 14 13 12 0 10 0 
12 11 10 0 0 15 14 13 0 3 2 1 8 0 6 5 
16 15 14 13 12 11 10 0 8 7 6 5 0 3 2 0 
