16 0
1 2 3 4 5 0 7 0 9 10 0 0 13 14 15 16 
0 0 7 0 1 2 3 4 13 14 15 16 9 10 0 0 
9 0 0 0 13 0 15 0 1 0 3 0 5 6 0 0 
13 0 0 16 9 10 0 0 5 0 0 0 0 0 3 0 
0 1 4 0 0 0 8 7 10 9 0 11 0 13 16 15 
6 5 8 7 2 1 4 0 14 13 0 0 10 9 0 0 
10 9 0 11 0 0 16 0 0 1 4 0 0 5 8 7 
0 13 0 15 10 9 12 11 0 0 0 7 2 1 0 3 
3 4 0 0 0 8 0 0 0 0 0 0 0 16 0 14 
7 8 5 6 3 0 1 0 15 16 13 14 0 12 9 10 
0 12 9 0 0 16 13 0 3 4 1 2 0 8 5 6 
0 16 0 14 0 12 0 0 7 8 5 6 3 0 1 2 
0 3 0 0 8 0 6 0 12 0 0 9 16 15 14 13 
8 7 0 0 4 3 2 1 0 15 14 0 0 11 10 0 
12 11 10 9 0 15 14 13 0 3 2 0 8 7 0 5 
0 0 0 0 12 0 10 9 8 0 6 5 4 3 2 0 
