16 -1802820304
0 10 0 0 7 0 9 0 0 0 0 0 1 4 0 0 
1 0 2 0 0 0 0 8 0 0 0 0 0 0 0 0 
6 12 0 0 13 0 0 0 0 0 15 10 9 0 11 7 
0 5 0 0 11 0 0 0 0 3 0 7 0 0 0 0 
0 0 0 0 0 0 0 0 0 0 7 0 0 0 0 0 
0 0 13 0 0 0 10 0 0 5 0 2 0 0 8 16 
0 0 0 1 15 9 0 5 0 0 0 0 0 0 0 0 
0 16 12 0 0 0 0 7 0 0 0 0 0 9 0 0 
0 0 0 0 0 0 8 0 15 0 0 3 0 1 0 0 
0 0 0 0 0 5 11 15 4 0 0 12 0 0 0 8 
0 2 0 0 0 0 6 0 1 0 0 0 0 0 0 10 
0 9 0 0 0 0 0 0 0 10 13 0 0 0 0 0 
0 0 0 6 0 0 16 0 0 2 0 4 0 0 0 0 
0 0 0 14 5 12 0 0 10 13 0 0 16 11 0 4 
0 8 0 16 0 0 0 0 9 0 0 0 0 0 3 0 
3 0 10 13 9 8 0 2 0 6 0 11 0 0 0 1 
