16 -428534960
1 0 0 0 0 6 0 0 9 10 0 0 0 0 0 0 
5 2 7 0 0 0 0 0 13 14 0 0 0 0 0 12 
0 0 0 0 13 0 0 0 1 0 3 0 0 0 0 8 
0 14 0 0 9 0 0 0 0 0 0 0 0 0 0 0 
0 0 0 3 0 0 0 7 10 0 12 11 14 0 16 0 
0 5 0 7 0 0 0 0 14 0 16 0 0 0 0 0 
0 0 0 0 14 13 16 0 0 0 0 0 0 0 0 0 
0 13 0 15 10 9 12 0 0 0 8 0 2 0 0 3 
0 4 0 0 7 8 5 0 0 0 9 0 0 16 0 0 
7 0 0 6 0 0 0 0 0 0 0 0 0 0 0 0 
0 0 0 10 15 0 0 0 3 0 1 0 7 8 5 6 
0 16 13 0 0 0 0 0 0 0 0 6 0 0 0 0 
0 0 0 0 0 0 0 5 0 0 0 0 16 0 14 0 
8 0 6 0 0 0 0 1 0 15 14 0 0 11 0 9 
12 0 0 0 0 15 0 0 0 3 0 0 0 0 6 0 
16 0 14 13 12 11 0 9 0 0 0 0 0 3 2 0 
